code,system
1570614,ICD10CM
1570616,ICD10CM
1570618,ICD10CM
45553168,ICD10CM
45553170,ICD10CM
45562710,ICD10CM
45586956,ICD10CM
1570614,ICD10CM
1570616,ICD10CM
45562710,ICD10CM
45553168,ICD10CM
1570618,ICD10CM
45553170,ICD10CM
45586956,ICD10CM
44796752,ICD10CM
44796752,ICD10CM
1570614,ICD10CM
1570616,ICD10CM
1570618,ICD10CM
45553168,ICD10CM
45553170,ICD10CM
45562710,ICD10CM
45586956,ICD10CM
1570614,ICD10CM
1570616,ICD10CM
45562710,ICD10CM
45553168,ICD10CM
1570618,ICD10CM
45553170,ICD10CM
45586956,ICD10CM
44796752,ICD10CM
44796752,ICD10CM
1570615,ICD10CM
45533827,ICD10CM
45567547,ICD10CM
1570615,ICD10CM
45567547,ICD10CM
45533827,ICD10CM
1570615,ICD10CM
45533827,ICD10CM
45567547,ICD10CM
1570615,ICD10CM
45567547,ICD10CM
45533827,ICD10CM
1570617,ICD10CM
1570617,ICD10CM
44831474,ICD10CM
44831474,ICD10CM
4055369,ICD10CM
80800,ICD10CM
80800,ICD10CM
4055369,ICD10CM
1570617,ICD10CM
1570617,ICD10CM
44831474,ICD10CM
44831474,ICD10CM
4055369,ICD10CM
80800,ICD10CM
80800,ICD10CM
4055369,ICD10CM
35208841,ICD10CM
35208841,ICD10CM
35208841,ICD10CM
35208841,ICD10CM
45548402,ICD10CM
45591823,ICD10CM
45548402,ICD10CM
45591823,ICD10CM
45548402,ICD10CM
45591823,ICD10CM
45548402,ICD10CM
45591823,ICD10CM
45557864,ICD10CM
45572446,ICD10CM
45572447,ICD10CM
45596564,ICD10CM
45557864,ICD10CM
45572446,ICD10CM
45596564,ICD10CM
45572447,ICD10CM
45557864,ICD10CM
45572446,ICD10CM
45572447,ICD10CM
45596564,ICD10CM
45557864,ICD10CM
45572446,ICD10CM
45596564,ICD10CM
45572447,ICD10CM
45557865,ICD10CM
45582127,ICD10CM
45591821,ICD10CM
45591822,ICD10CM
45591821,ICD10CM
45591822,ICD10CM
45557865,ICD10CM
45582127,ICD10CM
45557865,ICD10CM
45582127,ICD10CM
45591821,ICD10CM
45591822,ICD10CM
45591821,ICD10CM
45591822,ICD10CM
45557865,ICD10CM
45582127,ICD10CM
44834963,ICD10CM
44834963,ICD10CM
37395588,ICD10CM
4005037,ICD10CM
4081250,ICD10CM
4084268,ICD10CM
4270868,ICD10CM
4314120,ICD10CM
4344161,ICD10CM
80182,ICD10CM
4005037,ICD10CM
4314120,ICD10CM
4081250,ICD10CM
4344161,ICD10CM
4084268,ICD10CM
80182,ICD10CM
4270868,ICD10CM
37395588,ICD10CM
44834963,ICD10CM
44834963,ICD10CM
37395588,ICD10CM
4005037,ICD10CM
4081250,ICD10CM
4084268,ICD10CM
4270868,ICD10CM
4314120,ICD10CM
4344161,ICD10CM
80182,ICD10CM
4005037,ICD10CM
4314120,ICD10CM
4081250,ICD10CM
4344161,ICD10CM
4084268,ICD10CM
80182,ICD10CM
4270868,ICD10CM
37395588,ICD10CM
4033497,ICD10CM
4033497,ICD10CM
4033497,ICD10CM
4033497,ICD10CM
4084780,ICD10CM
4084780,ICD10CM
4084780,ICD10CM
4084780,ICD10CM
4125793,ICD10CM
4125793,ICD10CM
4125793,ICD10CM
4125793,ICD10CM
4343926,ICD10CM
4343926,ICD10CM
4343926,ICD10CM
4343926,ICD10CM
4345576,ICD10CM
4345576,ICD10CM
4345576,ICD10CM
4345576,ICD10CM
4346977,ICD10CM
4346977,ICD10CM
4346977,ICD10CM
4346977,ICD10CM